0.3947103
0.6278138
0.3981334
0.6854033
0.6095725
0.3378823
0.5434868
0.474559
0.472748
0.646036
0.2093655
0.6560573
0.4668318
0.6282457
0.2439344
0.4774323
0.4141438
0.4719454
0.156334
0.4378288
0.3618671
0.5855647
0.3481714
0.4007142
0.6741778
0.6338847
0.6794673
0.7933669
0.6077601
0.7537988
0.6763567
0.3070607
0.5044742
0.6177535
0.4060122
0.3625532
0.3967171
0.5997296
0.5061869
0.3151433
0.5329709
0.4019178
0.2820447
0.4497725
0.2675765
0.417481
0.5171701
0.6217509
0.5572492
0.5110353
0.4748549
0.7440045
0.3459719
0.3741655
0.4895345
0.5230723
0.6502963
0.5463911
0.4106097
0.501274
0.7085366
0.7629486
0.4135994
0.2690397
0.5512777
0.5419343
0.5718777
0.6581012
0.6530735
0.6482807
0.5799415
0.5102555
0.7165393
0.5845867
0.5693801
0.5029732
0.4449902
0.4051548
0.4937483
0.5553827
0.5746196
0.5578605
0.3487915
0.3609488
0.371481
0.6526215
0.6689094
0.3587239
0.755049
0.5659384
0.3281428
0.2868791
0.6748607
0.5954681
0.6032345
0.4338376
0.53268
0.5302759
0.4956419
0.4714324
