0.474201
0.658733
0.8351637
0.2151321
0.6129904
0.7567814
0.6339125
0.5004498
0.5925022
0.7085109
0.5408712
0.3918847
0.4864722
0.3601666
0.5557893
0.4345173
0.2104805
0.5216601
0.3486997
0.6266833
0.4552931
0.6918228
0.816345
0.4439738
0.3698591
0.7003505
0.4384077
0.4513958
0.5189425
0.6216037
0.6365065
0.6252025
0.5338948
0.4644142
0.5279764
0.6646685
0.4080787
0.5792654
0.1924532
0.5955574
0.2452023
0.3974713
0.4587328
0.4948095
0.4810596
0.4260383
0.6757721
0.4218698
0.5895607
0.6372985
0.7448145
0.2982932
0.4738226
0.5177654
0.4360832
0.7395475
0.5139198
0.6265784
0.4990246
0.3713395
0.3961401
0.3905553
0.4255647
0.637117
0.556679
0.4627539
0.4024438
0.4259432
0.4539427
0.6088402
0.3697976
0.429604
0.6511123
0.5998105
0.5259138
0.6029902
0.2999203
0.5068395
0.579576
0.438069
0.4771282
0.5415166
0.7268878
0.5982538
0.4091662
0.7284358
0.6076154
0.3452964
0.2411578
0.4343906
0.3655473
0.6619281
0.4832751
0.09852598
0.62432
0.4603296
0.5633906
0.3983115
0.8379172
0.5597397
