0.4221985
0.7999893
0.539048
0.5718903
0.4942119
0.4945622
0.5523646
0.4917975
0.3350231
0.1712996
0.2511452
0.4195264
0.3833614
0.6217009
0.5019801
0.4827039
0.6851282
0.3012263
0.6878967
0.6658748
0.8374429
0.5952305
0.5011071
0.5037509
0.4570027
0.6323776
0.6305001
0.6229291
0.3225852
0.5663433
0.2407302
0.6840173
0.4623648
0.3167731
0.424783
0.7907914
0.455556
0.5056005
0.3253518
0.4516983
0.5112129
0.3305826
0.6888631
0.7326182
0.7204349
0.6065927
0.458491
0.8064766
0.6497865
0.53394
0.2147282
0.4882694
0.3545405
0.6084589
0.3656547
0.5044837
0.4475393
0.4343867
0.576652
0.1692209
0.2598753
0.4163422
0.4969548
0.4754902
0.6074545
0.3379224
0.6969458
0.4623177
0.3750017
0.5892905
0.518709
0.4903596
0.4926769
0.4386983
0.527477
0.4154106
0.7104579
0.3283805
0.4429072
0.495927
0.5290644
0.4741489
0.7357375
0.8561353
0.5195237
0.5295474
0.4558031
0.6424458
0.5290253
0.5055577
0.2162182
0.4708277
0.2723262
0.4998357
0.3754003
0.3528961
0.3354592
0.6154965
0.4604647
0.4327194
