0.4617813
0.7758579
0.5088907
0.6865043
0.7001221
0.3768261
0.5301493
0.5087511
0.4225355
0.5033843
0.7128606
0.25765
0.3941615
0.2947098
0.2582076
0.5462786
0.3153384
0.3654651
0.5768342
0.4850563
0.5591733
0.6334034
0.4170231
0.5639752
0.4550581
0.5732377
0.3048223
0.5386519
0.3115887
0.3748381
0.5420793
0.3907447
0.5244782
0.6012421
0.7572215
0.4341156
0.4166885
0.5741778
0.4877984
0.6201096
0.7177293
0.5494225
0.578867
0.6088255
0.5282074
0.2007779
0.6539262
0.125633
0.6060364
0.4922488
0.4733232
0.3791557
0.3356208
0.4747853
0.5091196
0.7104039
0.246286
0.587182
0.4825938
0.5602798
0.6315796
0.5788851
0.7399024
0.6597764
0.6193633
0.2676337
0.6984776
0.7413509
0.564079
0.5303835
0.4047815
0.3933265
0.4071383
0.6238251
0.5632379
0.5508794
0.624507
0.5141477
0.2129724
0.4923422
0.4849153
0.2374295
0.5053454
0.3485265
0.4243916
0.6599901
0.5686321
0.8105928
0.3689929
0.6799025
0.5523092
0.2952224
0.7083329
0.8564893
0.5498868
0.4851907
0.5553019
0.418603
0.2874202
0.3020935
