0.7346439
0.5808644
0.7174785
0.4067712
0.5004498
0.6479841
0.7414843
0.4242696
0.5573432
0.4133036
0.5510384
0.2704025
0.2695624
0.5271225
0.5359959
0.7026898
0.6267348
0.4300614
0.1304725
0.4740724
0.03199642
0.4425643
0.6108763
0.6397839
0.7210564
0.2828666
0.7440724
0.3726364
0.2617979
0.7195156
0.8093867
0.4638524
0.2601128
0.4156005
0.4991042
0.4952903
0.6441481
0.5543383
0.4966346
0.6913241
0.4918536
0.3494737
0.2295259
0.135533
0.5976953
0.6910149
0.9022694
0.5164859
0.4475235
0.6748258
0.4072696
0.2966329
0.5842628
0.2746435
0.5115114
0.4789012
0.6041105
0.4444157
0.579887
0.6410042
0.1653971
0.4203604
0.482977
0.3098254
0.6725361
0.54512
0.3884256
0.3667124
0.4165071
0.5664273
0.3280656
0.5410071
0.2971387
0.4357703
0.7710488
0.5011479
0.551661
0.5999583
0.4356995
0.4290754
0.5292589
0.6135373
0.5220032
0.5167684
0.5100897
0.2638274
0.6848688
0.4027272
0.3976995
0.3507402
0.5997691
0.4368141
0.5755955
0.8089567
0.6471876
0.4827033
0.5963684
0.3110908
0.5044848
0.4532382
