0.5683511
0.5738664
0.570826
0.6555659
0.4314153
0.3911591
0.3784979
0.4491099
0.1729874
0.5750319
0.5193123
0.6055927
0.2995177
0.634629
0.553294
0.3687905
0.8094524
0.2636843
0.4374251
0.5268399
0.5380194
0.4382202
0.4166024
0.4977131
0.4948182
0.4453117
0.2289346
0.2853165
0.4203575
0.6257909
0.4853265
0.4807872
0.5754009
0.4073402
0.4449428
0.5826326
0.3932969
0.724647
0.260164
0.6294495
0.1960666
0.4655892
0.4143482
0.4486391
0.6751879
0.543029
0.5147629
0.7984611
0.3768622
0.4051978
0.5655265
0.6168143
0.5393328
0.2360089
0.6633226
0.6935686
0.5340857
0.611934
0.5393366
0.2678684
0.4957848
0.4359947
0.6142673
0.1935116
0.7228639
0.4538124
0.4736873
0.521175
0.7852316
0.4848752
0.4380245
0.4508585
0.3926159
0.422967
0.5770693
0.5714083
0.289461
0.6069353
0.5288229
0.3811296
0.5942516
0.5101309
0.5316683
0.3724253
0.5536654
0.7603647
0.441872
0.5883625
0.4784899
0.5288653
0.4588633
0.2955423
0.394327
0.4231632
0.5888453
0.6339313
0.653944
0.577107
0.3023946
0.6267278
