0.2502902
0.005337616
0.09624656
0.0006147232
0.6123591
0.5184354
0.8383543
0.2847559
0.02658128
0.3609604
0.679967
0.8260842
0.1047903
0.4108584
0.5958441
0.5498411
0.3913917
0.2581084
0.8298824
0.7361461
0.3294099
0.3057941
0.08829933
0.7544056
0.2356523
0.6971912
0.6705417
0.7918166
0.02534694
0.3288228
0.8573445
0.1190352
0.3488462
0.4329215
0.7055388
0.5795481
0.6177485
0.166162
0.2935209
0.6054032
0.0621195
0.9285597
0.2266533
0.7259175
0.0002862196
0.9760587
0.1743399
0.6404025
0.6014193
0.9422628
0.5295729
0.1641842
0.1908639
0.3759048
0.08135357
0.3199302
0.7812266
0.696779
0.8700847
0.4256511
0.05302798
0.2958683
0.4769782
0.1327383
0.5605148
0.9668508
0.3057325
0.3538505
0.9999687
0.2603354
0.5260739
0.461815
0.03468174
0.06195466
0.4288244
0.5350221
0.6823398
0.9181424
0.4328308
0.3542257
0.3964697
0.2811928
0.841474
0.7751345
0.6440613
0.8331513
0.3372851
0.1077273
0.9845109
0.08231376
0.7161256
0.3127089
0.4690081
0.6967785
0.9251032
0.2600533
0.5738948
0.1171261
0.382246
0.190755
