0.9909577
0.3415428
0.2379532
0.2680695
0.6531048
0.4788723
0.9339549
0.2755984
0.9346895
0.2884807
0.8268446
0.5546353
0.9925862
0.5637281
0.1045964
0.500009
0.1312236
0.7973769
0.6361838
0.5565122
0.6269757
0.1602812
0.9702011
0.07280732
0.5151909
0.8759965
0.8204239
0.416015
0.9998327
0.5914739
0.2392401
0.4874092
0.7254378
0.3067755
0.384077
0.6235152
0.2709172
0.3391819
0.1955375
0.3210524
0.2404326
0.4975577
0.459783
0.4798332
0.2745612
0.1497585
0.2178213
0.8787326
0.8509846
0.4229318
0.8734617
0.7874356
0.2024663
0.09392748
0.5142027
0.8494661
0.7438419
0.1655767
0.90785
0.7799531
0.8169821
0.4546568
0.1413876
0.7161463
0.3506222
0.6311619
0.3984998
0.3587301
0.5463053
0.8933198
0.1860654
0.2613129
0.347456
0.05384242
0.9572302
0.1246932
0.1290115
0.5035667
0.6748837
0.7424722
0.3769359
0.3626282
0.4078761
0.8721745
0.7582589
0.3096769
0.9008586
0.1971294
0.4315624
0.2435492
0.5566075
0.8862434
0.3218175
0.6418363
0.6222861
0.1019405
0.8575585
0.880555
0.6611316
0.7771059
