0.06085183
0.9559825
0.1801628
0.8537923
0.06948503
0.05967686
0.8906837
0.05308811
0.9022554
0.5314937
0.6479423
0.278567
0.2975311
0.7826872
0.4335462
0.446772
0.6501433
0.2629765
0.4894438
0.3237413
0.2996524
0.01510649
0.6572547
0.4422273
0.06565397
0.6437626
0.7546532
0.3766748
0.1119784
0.5037653
0.5465659
0.7134076
0.9018882
0.3522833
0.1751866
0.3399259
0.1850833
0.1471439
0.6178796
0.01170029
0.4742405
0.2362368
0.4013127
0.6588615
0.5691328
0.5402788
0.5160937
0.3639095
0.8398129
0.9166352
0.921482
0.2630201
0.3210243
0.3641698
0.5524067
0.9647356
0.6224916
0.5357599
0.211207
0.3916399
0.6381762
0.9889935
0.06087357
0.3610522
0.4140113
0.5399436
0.4892622
0.1644501
0.9643059
0.8406231
0.1663045
0.7533571
0.8839756
0.07507065
0.9374272
0.7502438
0.3193195
0.6843903
0.826919
0.8559609
0.5420702
0.01586221
0.4139294
0.8852356
0.7695776
0.7111409
0.6800457
0.07588183
0.2249317
0.3341733
0.7143797
0.7448035
0.6606506
0.8258109
0.253907
0.3286498
0.7460713
0.2277327
0.801171
0.03786949
