0.5194994
0.7675799
0.1743547
0.9379951
0.9857768
0.575708
0.654603
0.4095612
0.1523373
0.8363245
0.6708985
0.9428855
0.5456787
0.8034492
0.799923
0.7172171
0.6370301
0.2521438
0.5807958
0.7822306
0.8531933
0.9510917
0.7804616
0.5535879
0.5470791
0.8734322
0.1743995
0.845143
0.419877
0.910228
0.9535442
0.9993159
0.2416926
0.454566
0.9415986
0.08509207
0.2779983
0.9152116
0.3345422
0.6127723
0.7507515
0.1017066
0.3308048
0.2843181
0.9779622
0.1435199
0.4498522
0.8012195
0.9289741
0.1641292
0.4998832
0.288817
0.7090359
0.03231382
0.2155199
0.9748782
0.2968438
0.8923504
0.2025023
0.95008
0.3685736
0.2422844
0.7841091
0.4728042
0.1652506
0.2984008
0.5238009
0.6939626
0.2061328
0.4999645
0.6410445
0.7866847
0.1062699
0.7274083
0.2290938
0.1383345
0.5073818
0.6645999
0.1499679
0.5136242
0.8893173
0.2500952
0.364842
0.7403279
0.2464098
0.6296483
0.2534609
0.1955344
0.630448
0.5295818
0.5071482
0.8481138
0.1726671
0.6770424
0.05082851
0.4284944
0.4447929
0.2667475
0.06518933
0.3671795
