0.3557627
0.4672082
0.434014
0.3543281
0.2168933
0.4364783
0.5403095
0.6867611
0.5229113
0.1819074
0.673029
0.07331613
0.670934
0.2860645
0.8218231
0.3228221
0.617937
0.8601733
0.5176276
0.1758625
0.1345397
0.2885112
0.7158453
0.6678655
0.258214
0.7798289
0.3740438
0.3623101
0.7289291
0.4983664
0.5083388
0.8431281
0.2438427
0.7710723
0.6484019
0.6582785
0.480682
0.4622896
0.4798312
0.898979
0.04153524
0.7637883
0.3948214
0.0725944
0.8929357
0.3932144
0.6050901
0.8581107
0.2451062
0.3231311
0.5215346
0.5576349
0.4193626
0.9974219
0.3516114
0.2461257
0.3854235
0.5164621
0.4565445
0.6798151
0.2991278
0.7467274
0.8923545
0.3210138
0.6649122
0.5967969
0.3623136
0.6017281
0.3276026
0.5564948
0.6046909
0.9300933
0.2204283
0.2685214
0.05656122
0.5245147
0.595758
0.4905206
0.6957803
0.4251269
0.973774
0.1550186
0.9583911
0.4076088
0.1974134
0.6834982
0.1737109
0.1898646
0.6398078
0.8949993
0.5774404
0.7907529
0.4095145
0.2160345
0.1746122
0.6936887
0.9016194
0.2486034
0.4763494
0.6226529
