0.6598796
0.6641263
0.3380395
0.7090197
0.9380469
0.8394908
0.1425108
0.6596295
0.8917447
0.8871986
0.1729269
0.9688704
0.08328265
0.2064647
0.1146023
0.5445619
0.998558
0.5236962
0.4027336
0.5317435
0.8190021
0.778121
0.1276388
0.3626979
0.142296
0.5463792
0.5348969
0.188987
0.2339457
0.7569274
0.07928809
0.6852163
0.01823318
0.849505
0.1042214
0.6048927
0.04943468
0.9871291
0.01468223
0.9016209
0.3106575
0.6568577
0.07734009
0.17868
0.7291306
0.03907805
0.1452168
0.3726351
0.6332386
0.4801523
0.6228046
0.02156762
0.1113916
0.1137218
0.741091
0.7419803
0.1898529
0.4473833
0.4810043
0.5914817
0.194654
0.6440533
0.239842
0.7803079
0.09018217
0.3248179
0.9363975
0.9941901
0.08008426
0.1371497
0.5124199
0.327851
0.2810207
0.1337305
0.4626079
0.009888128
0.6491814
0.2608666
0.9281449
0.0367168
0.4729039
0.6299456
0.5878992
0.2528188
0.8270744
0.02673617
0.4533019
0.6827841
0.858066
0.7352352
0.632171
0.6810071
0.2287657
0.7691179
0.3126637
0.845564
0.3322302
0.7995481
0.7824046
0.03646834
