0.1295568
0.01059569
0.6953021
0.09842851
0.4711298
0.1514762
0.1076186
0.52814
0.7266105
0.7071089
0.2846802
0.7380233
0.2749752
0.17558
0.988375
0.2374222
0.1760216
0.1415045
0.5526662
0.0918895
0.5579484
0.06498657
0.1496979
0.3648973
0.09565763
0.5442571
0.2240445
0.2164379
0.9277621
0.9191122
0.257631
0.02227649
0.8832088
0.6264468
0.8732901
0.1384105
0.06038957
0.3284082
0.9286918
0.9270303
0.4729257
0.6639644
0.6984249
0.9843983
0.5629409
0.578896
0.6224715
0.7341371
0.9163223
0.3907206
0.7797222
0.3807923
0.351472
0.489763
0.9458679
0.1878349
0.05107462
0.7712844
0.357501
0.2797311
0.9169789
0.4892574
0.09009962
0.4867674
0.003504233
0.3728618
0.2147388
0.8135146
0.2288386
0.5926129
0.7534431
0.1310264
0.3562369
0.8580452
0.9662724
0.07511301
0.1131794
0.3106613
0.7096356
0.2363889
0.7103026
0.8770867
0.5355133
0.6354821
0.03052893
0.7070167
0.34249
0.504098
0.7257817
0.8966688
0.6471933
0.843108
0.6703396
0.566267
0.5509397
0.7437104
0.882538
0.1095639
0.5109839
0.6354634
