0.2915558
0.6351048
0.1134501
0.3253264
0.4627518
0.8991126
0.9959513
0.1322078
0.07320962
0.3688721
0.2337487
0.7533815
0.188878
0.8370901
0.1463402
0.5787193
0.2177913
0.9402228
0.3057387
0.908841
0.284516
0.6820104
0.6519435
0.3612091
0.7771962
0.3930401
0.1122384
0.7484515
0.7246957
0.9784358
0.7787805
0.9134816
0.4550653
0.1677323
0.4630136
0.9523274
0.5927419
0.7250037
0.6738884
0.07424742
0.5708521
0.2760055
0.9013606
0.6019592
0.7300748
0.07024397
0.04216545
0.6627529
0.8657301
0.9441405
0.9239027
0.9352878
0.4954722
0.7208319
0.8497171
0.74153
0.5966333
0.7059387
0.01577344
0.4087802
0.3955491
0.536179
0.1862797
0.1070981
0.2406034
0.235048
0.7720604
0.8460208
0.6455209
0.0456598
0.06601754
0.04286887
0.8048999
0.4210549
0.2943767
0.1147868
0.3336634
0.4165285
0.05256402
0.006856579
0.07358306
0.7828261
0.608555
0.3259183
0.9823369
0.1929385
0.2043566
0.9619619
0.2207184
0.3397945
0.4965687
0.09665753
0.3517112
0.9642607
0.7481932
0.2297587
0.1922245
0.6529303
0.3219245
0.06514172
