0.143879
0.1749471
0.3669218
0.1835587
0.02616679
0.1318794
0.9141153
0.9074649
0.4797048
0.6173475
0.4086512
0.2436801
0.1489192
0.9878346
0.6705536
0.8499001
0.6474761
0.8432245
0.2947184
0.3091037
0.6481826
0.5431301
0.2270839
0.9697677
0.8860934
0.8616184
0.9305794
0.6998592
0.9782222
0.9224853
0.4181427
0.2311655
0.1936399
0.8074217
0.7927768
0.2771188
0.07260244
0.08450146
0.5797549
0.7806724
0.0446513
0.8078624
0.009345227
0.9700177
0.7070714
0.2298662
0.3853511
0.4908616
0.1055989
0.3852333
0.9581947
0.9799507
0.9054931
0.8559766
0.4007579
0.303045
0.3151611
0.7752698
0.6202782
0.5023386
0.6671283
0.6697023
0.9990629
0.5711859
0.7598976
0.8084811
0.1795543
0.1513281
0.02997849
0.8340802
0.8415146
0.5691985
0.1837002
0.05449899
0.4386086
0.5030806
0.6822313
0.7684129
0.2589686
0.2733287
0.1198426
0.1191937
0.09077635
0.08813898
0.3214391
0.6164434
0.09353397
0.9570647
0.07403496
0.2088539
0.7040678
0.5829022
0.2403104
0.4844586
0.05309398
0.8603756
0.7279128
0.9893605
0.4755986
0.9102041
