0.8102721
0.7249846
0.9394106
0.03060578
0.6283058
0.07141926
0.0922116
0.4511984
0.3267858
0.9712612
0.2583457
0.3270357
0.3051929
0.09008862
0.7370964
0.4638118
0.3488633
0.4266394
0.9760043
0.1551323
0.05022753
0.7284269
0.5406763
0.1203544
0.7665736
0.05097199
0.3011648
0.5710268
0.8077092
0.565066
0.3653706
0.388842
0.9381699
0.2464686
0.08089496
0.1121911
0.07258305
0.1054471
0.07416497
0.8337209
0.7808287
0.3133208
0.9684488
0.6107224
0.3836176
0.2721968
0.9151849
0.06320198
0.2451828
0.3353918
0.6242517
0.8816883
0.08263
0.7822782
0.4053853
0.04021804
0.6620201
0.6918913
0.8900155
0.5082168
0.1282798
0.4372335
0.6527378
0.2434368
0.7423673
0.606614
0.7899191
0.7596645
0.4325389
0.5150125
0.4386916
0.9648041
0.5561866
0.703817
0.6675802
0.9279127
0.4103894
0.7972525
0.1290912
0.009982038
0.3740197
0.1867512
0.1245341
0.3983485
0.6005959
0.3352421
0.1249479
0.9077958
0.170132
0.192443
0.2730198
0.7867017
0.900429
0.4858007
0.4997458
0.5468573
0.6082826
0.5511135
0.9515434
0.898298
